* sci_Inspiral_30 1009
337.6719999999998 0.6534891177777775
337.6719999999998 0.6534891177777775
337.6721111111109 0.6159702093518516
337.6721111111109 0.6159702093518516
337.6719999999998 0.6534891177777775
337.6721111111109 0.6159702093518516
337.6721111111109 0.6159702093518516
337.6721111111109 0.6159702093518516
337.6719999999998 0.6534891177777775
337.6719999999998 0.6534891177777775
337.6721111111109 0.6159702093518516
337.6719999999998 0.6534891177777775
337.6719999999998 0.6534891177777775
335.6519999999998 0.658903523333333
335.6519999999998 0.658903523333333
339.6921111111109 0.6102191340432096
335.6519999999998 0.658903523333333
335.6519999999998 0.658903523333333
337.6719999999998 0.6534891177777775
337.6721111111109 0.6159702093518516
337.6719999999998 0.6534891177777775
337.6719999999998 0.6534891177777775
337.6719999999998 0.6534891177777775
335.6519999999998 0.658903523333333
#
* sci_Inspiral_50 2131
473.3766666666638 1.5376852055555472
589.5266666666628 1.3586952092592506
584.4766666666628 1.3904050481481396
478.4266666666638 1.5054492444444356
589.5266666666628 1.3586952092592506
478.4266666666638 1.5054492444444356
476.4066666666638 1.5079594351851766
584.4766666666628 1.3904050481481396
484.4866666666637 1.4260057555555474
470.34666666666385 1.5669076592592506
487.5166666666637 1.4169130231481402
479.43666666666377 1.4817256537036951
644.0666666666623 1.3359016111111026
470.34666666666385 1.5669076592592506
469.33666666666386 1.5679755805555466
480.44666666666376 1.4716348314814733
#
* sci_Inspiral_100 4570
736.9866666666614 2.960434496296275
736.9866666666614 2.960434496296275
736.9866666666614 2.960434496296275
736.9866666666614 2.960434496296275
735.9766666666615 2.9905185222222013
736.9866666666614 2.960434496296275
736.9866666666614 2.960434496296275
735.9766666666615 2.9905185222222013
736.9866666666614 2.960434496296275
741.0266666666614 2.832986114814794
741.0266666666614 2.832986114814794
742.0366666666614 2.8230372740740544
743.0466666666614 2.7581479462962766
739.0066666666614 2.900395887037017
#
