* sci_Montage_25 542
39.042222222222215 7.199999999999999
2654.776666666666 0.067
207.61666666666665 5.364
389.89 4.159000000000001
179.26999999999998 6.563000000000001
2454.2166666666667 4.063000000000001
#
* sci_Montage_50 1036
3181.3072222222227 6.932
91.75333333333336 7.999999999999999
8587.816666666662 0.201
#
* sci_Sipht_100 1938
1030.579333333333 4.532
50315.69733333334 0.9380000000000001
#
* sci_Inspiral_100 2057
1204.8 4.798
1817.84 2.8990000000000005
1555.7366666666667 3.432000000000001
3574.0833333333335 0.9669999999999999
858.3255555555555 6.466
2292.5466666666666 2.099
2011.8233333333333 2.5320000000000005
2773.116666666667 1.0999999999999999
554.6522222222221 7.999999999999999
7014.439999999995 0.8
#
* sci_Montage_100 2060
16246.41888888889 7.864999999999999
225.93333333333334 7.999999999999999
18749.68333333333 0.402
#
* sci_Epigenomics_24 501
9756.663333333332 1.2000000000000002
39014.58666666666 1.1
4677.445000000001 3.1980000000000004
8187.413333333334 1.596
5432.509999999999 3.032
3694.816666666667 3.332
6026.748888888889 1.6
3341.5061111111113 3.732
1267.54 4.0
47574.05333333334 0.9380000000000001
#
* sci_Epigenomics_46 959
3114.1755555555555 6.465
4155.77 3.4000000000000004
2106.371111111111 7.1979999999999995
5123.723333333333 2.267
#
* sci_Epigenomics_100 1938
15843.593333333334 22.000000000000004
15541.350000000002 22.396000000000004
14469.933333333334 23.196
14154.516666666666 25.324
18600.101111111115 19.6
18303.40111111111 19.600000000000005
18188.814444444444 19.724
32074.37333333333 16.601000000000003
11737.518888888888 25.592
19886.486666666668 17.334
#
* sci_CyberShake_30 638
1164.8144444444442 7.4639999999999995
15454.823333333337 0.335
2547.333333333334 6.061
#
* sci_CyberShake_50 1060
1217.5422222222219 6.66
17144.26333333333 0.335
#
* sci_CyberShake_100 2180
1230.482222222222 6.126
19651.73666666667 0.402
#
* sci_Sipht_30 631
1487.3539999999998 0.5
1310.613 0.6000000000000001
2969.640666666666 0.267
548.572 2.0
1801.3663333333334 0.467
766.578 1.2000000000000002
2619.116 0.30000000000000004
985.0066666666667 0.8
1967.9033333333332 0.4
657.3744444444444 1.6
#
* sci_Sipht_60 1228
924.8693333333333 5.064
12166.705333333335 0.802
#
* sci_Inspiral_30 654
926.4066666666666 2.0330000000000004
516.9100000000001 4.664000000000001
2008.2266666666667 0.467
745.03 2.3340000000000005
1110.3533333333335 0.8
1489.1566666666665 0.666
1781.1233333333334 0.5
2951.2100000000005 0.30000000000000004
2212.143333333333 0.4
266.01666666666665 5.6
#
* sci_Inspiral_50 1010
1340.9033333333334 1.6
770.9566666666667 4.664000000000001
576.561111111111 6.999999999999999
938.6800000000001 3.266
1104.7066666666665 1.7320000000000002
3142.816666666666 0.5
1642.3266666666664 1.0
2620.9699999999993 0.6000000000000001
1967.41 0.8
321.4977777777778 7.999999999999999
#
* sci_Epigenomics_997 29941
441944.8133333332 171.12
727563.348666667 161.8
492674.6766666671 165.00000000000003
463760.5666666676 165.724
292803.59999999916 173.236
883076.114333333 158.98
139744.41666666666 192.54100000000005
79290.28888888888 412.35000000000076
1292049.6426666677 143.6
226377.57777777774 191.591
#
* sci_Sipht_1000 31091
8148.932111111147 16.792
580941.735333334 10.854000000000001
6724.254000000001 196.1720000000003
8125.165999999999 187.5970000000001
#
* sci_Inspiral_1000 34561
66253.49777777777 15.200000000000001
92585.95333333337 10.4
5490.4300000000085 15.999999999999998
3223.6333333333328 191.9910000000002
4532.006666666667 187.72400000000016
3834.218888888889 191.65100000000018
#
* sci_CyberShake_1000 38279
9488.416666666715 8.796
169059.93400000033 3.149
#
* sci_Montage_1000 40970
1884.9644444444434 7.999999999999999
201734.61666666693 3.8190000000000004
1382.8344444444444 192.8600000000004
1679.0099999999998 186.931
#
